a: 0
aa: 13
aaa: 74
aaad: 95
aab: 14
aaba: 110
aabd: 66
ab: 8
aba: 45
abb: 26
abbc: 75
abd: 17
abdb: 70
ac: 43
aca: 111
acc: 49
acd: 98
ad: 24
ada: 69
adc: 31
adcd: 46
add: 29
adda: 97
addb: 80
addbb: 112
b: 1
ba: 16
bab: 52
babd: 71
bac: 27
bad: 36
bada: 68
bb: 15
bbb: 35
bbbb: 102
bbc: 38
bbcc: 81
bbcd: 87
bbcdd: 104
bbd: 60
bc: 64
bcc: 89
bd: 6
bda: 12
bdaa: 79
bdaaa: 109
bdab: 103
bdad: 58
bdb: 53
bdbd: 54
bdbdd: 56
bdc: 41
bdcd: 83
bdd: 9
c: 2
ca: 28
caa: 44
cab: 63
caba: 73
cabc: 92
cac: 62
cacc: 91
cad: 32
cada: 94
cb: 11
cba: 48
cbaa: 65
cbab: 82
cbc: 93
cbd: 22
cc: 39
cca: 42
ccb: 40
ccc: 76
ccd: 50
ccdb: 101
ccdd: 77
cd: 19
cdb: 34
cdc: 90
cdcb: 108
d: 3
da: 7
daa: 23
daab: 55
daad: 85
dab: 86
dac: 33
dacb: 37
db: 5
dba: 25
dbac: 100
dbb: 57
dbc: 10
dbcb: 67
dbcc: 47
dbd: 99
dc: 18
dca: 30
dcab: 78
dcb: 51
dcc: 21
dccb: 59
dccc: 72
dccd: 105
dcd: 20
dcdc: 61
dd: 84
dda: 96
ddb: 88
ddc: 107
ddd: 106
1 2 2 1 0 3 3 6 11 5 3 9 1 11 7 17 6 0 2 9 11 22 0 14 0 26 2 18 3 20 11 15 14 8 33 27 5 17 27 33 10 18 1 17 17 10 31 29 19 41 23 15 10 5 52 26 49 6 7 22 47 9 6 42 58 40 13 37 25 55 33 47 63 16 56 38 62 24 51 19 26 57 27 23 5 23 19 55 9 52 31 15 29 26 40 22 44 49 96 23 100 22 67 20 68 18 29 65 56 104 
0 5 3 5 1 2 2 3 3 1 1 0 14 15 12 5 16 0 13 3 2 1 24 11 9 19 10 12 19 8 22 18 7 37 29 7 25 10 0 2 43 26 15 21 14 24 9 17 41 5 44 11 44 7 16 15 25 35 14 22 10 47 13 28 22 12 60 18 44 26 48 73 43 55 17 45 50 43 67 32 82 51 27 20 35 76 60 44 80 71 25 40 42 42 13 52 26 73 57 19 67 46 49 27 65 40 29 16 
3 1 3 0 6 5 2 6 0 13 1 1 8 3 2 18 18 11 7 0 5 8 16 2 24 18 24 28 7 19 15 16 33 15 2 39 6 39 0 28 8 31 10 11 43 39 18 16 6 53 23 54 5 12 21 15 20 28 28 1 48 14 10 36 24 17 52 21 63 13 26 39 50 30 12 29 38 48 41 3 23 7 38 84 64 19 62 63 11 32 74 84 29 43 5 25 50 35 12 87 21 84 84 90 79 14 43 80 52 1 
2 2 3 1 8 7 0 2 11 1 6 11 3 13 8 1 0 18 3 6 8 0 3 27 26 12 6 2 20 0 20 23 35 12 1 7 14 16 34 38 5 20 39 25 5 17 27 7 40 14 10 5 32 6 17 47 21 50 39 17 31 12 27 5 11 69 33 21 39 32 43 36 68 20 32 52 8 68 15 38 51 39 29 38 21 57 61 36 46 26 54 49 73 14 73 66 34 46 37 63 86 16 74 78 53 10 23 12 26 94 1 
