1 2 2 1 0 3 3 6 11 5 3 9 1 11 7 17 6 0 2 9 11 22 0 14 0 26 2 18 3 20 11 15 14 8 33 27 5 17 27 33 10 18 1 17 17 10 31 29 19 1 
2 1 2 0 3 8 3 6 0 0 7 7 1 3 3 2 20 1 14 1 22 19 5 9 12 0 24 19 24 2 11 19 14 10 24 6 22 8 17 42 8 20 7 18 34 23 22 47 11 30 2 
0 1 2 2 0 2 1 6 0 3 13 0 9 2 3 14 16 9 16 11 9 3 1 26 19 20 8 25 17 10 27 10 14 35 31 24 14 3 31 21 20 6 18 26 1 5 40 3 
0 5 1 0 3 1 3 2 10 2 2 9 15 3 0 14 3 21 18 6 8 7 21 8 25 17 19 1 14 19 31 9 24 1 13 32 38 40 2 5 43 15 43 23 38 31 25 
1 1 0 3 2 2 6 7 1 2 3 6 3 17 6 10 7 2 0 1 3 23 23 22 19 22 10 5 0 10 8 19 15 14 17 33 37 24 9 0 44 12 28 26 43 33 24 19 13 
1 3 0 2 8 7 2 0 3 1 14 1 2 5 11 16 12 3 6 13 17 13 14 22 8 8 5 7 16 6 5 31 5 24 31 0 0 14 41 3 2 44 44 25 40 13 41 1 7 21 2 
0 3 2 5 0 2 3 1 12 8 2 12 2 17 1 6 7 7 0 1 5 10 1 18 9 17 6 24 19 33 3 0 23 11 3 11 19 25 15 19 10 21 23 15 36 37 27 24 35 35 
1 3 1 0 5 2 10 8 0 13 1 1 10 10 3 3 2 8 3 13 19 15 10 7 9 19 24 8 16 25 18 21 11 16 16 0 23 24 23 30 2 6 6 0 18 15 15 23 1 
1 2 3 3 2 6 7 8 8 1 3 0 16 0 1 0 2 0 7 1 19 24 9 3 24 14 19 21 2 5 15 6 20 29 19 37 14 6 24 22 7 22 32 13 16 19 48 8 18 28 
1 2 0 2 3 0 5 10 2 2 1 10 3 1 15 13 9 3 22 1 17 18 8 19 13 5 22 16 15 0 21 24 9 8 13 34 3 39 6 6 33 0 16 14 12 41 5 44 7 
1 3 5 1 1 2 2 0 2 3 12 0 5 3 6 14 3 10 16 0 12 9 24 18 2 8 23 6 13 10 19 29 29 21 11 14 30 30 21 17 5 24 33 1 23 13 8 7 0 
3 2 2 0 0 3 9 1 1 
